m = 6.165e3
g = 9.82
thr = 167.97e3